oobthr01	2	2002.5
oobthr02	2	2003.975
oobthr03	2	2003.5
oobthr04	2	2003.5
oobthr05	2	2003.5
oobthr06	2	2003.5
oobthr07	2	2003.5
oobthr08	2	2003.975
oobthr09	2	2003.975
oobthr10	2	2003.975
oobthr11	2	2003.975
oobthr12	2	2003.975	2006
oobthr13	2	2001.2          2006
oobthr14	2	2003.975
oobthr15	2	2003.975
oobthr16	2	2000
oobthr17	2	2003.975	2006
oobthr18	2	2003.975	2006
oobthr19	2	2003.975	2006
oobthr20	2	2003.975	2006
oobthr21	2	2003.975	2006
oobthr22	2	2003.975	2006
oobthr23	2	2003.975	2006
oobthr24	2	2003.975	2006
oobthr25	2	2003.975	2006
oobthr26	2	2003.975	2006
oobthr27	2	2003.975	2006
oobthr28	2	2003.975	2006
oobthr29	2	2003.975	2006
oobthr30	2	2003.975	2006
oobthr31	2	2003.975
oobthr32	2	2000
oobthr33	2	2003.975	2006
oobthr34	2	2003.975	2006
oobthr35	2	2003.975	2006
oobthr36	s	2001
oobthr37	2	2001
oobthr38	2	2001
oobthr39	2	2003.5
oobthr40	2	2003.5
oobthr41	2	2001  2003.5
oobthr42	2	2001  2003.5
oobthr43	2	2003.5
oobthr44	2	2003.5
oobthr45	2	2003.5
oobthr46	2	2003.5
oobthr47	2	2003.5
oobthr48	2	2000
oobthr49	2	2001
oobthr50	2	2001   2006
oobthr51	2	2005
oobthr52	2	2005
oobthr53	2	2001 2006.5
oobthr54	2	2001
oobthr55	2	2006
oobthr56	2	2003.975
oobthr57	2	2003.975
oobthr58	2	2003.975
oobthr59	2	2003.975
oobthr60	2	2003.975	2006
oobthr61	2	2003.975	2006
oobthr62	2	2003.5
oobthr63	2	2003.975
oobthr64	2	2000
