3BTU_BPT	2	2003.975
3FABRAAT	2	2003.975	2009.66
3FABRCAT	2	2003.975	2009.66
3FAMYZAT	2	2003.975	2009.66
3FAPYZAT	2	2003.975	2009.66
3FARALAT	2	2003.975	2009.66
3FLCABPT	2	2000
3RCTUBPT	2	2003.975
3TSMXCET	2	2007
3TSMXSPT	2	2007
3TSMYDPT	2	2007	2009.66
3TSPYFET	2	2000
3TSPZDET	2	2000
3TSPZSPT	2	2000
3TTACS1T	2	2003.975	2009.66
3TTACS2T	2	2003.975	2009.66
3TTACS3T	2	2003.975	2009.66
3TTBRGBT	2	2003.975	2009.66
3TTHRC1T	2	2003.975	2009.66
3TTHRC2T	2	2003.975	2009.66
3TTHRC3T	2	2003.975	2009.66
3TTRALAT	2	2000	2009.66
3TTRALCT	2	2003.975	2009.66
3TTVALVT	2	2000	2009.66
BOXTEMP		2	2003.975	2009.66
FAMTRTEMP	2	2003.975	2009.66
FLEXATEMP	2	2003.975	2009.66
FLEXATSET	2	2003.975
FLEXBTEMP	2	2003.975	2009.66
FLEXBTSET	2	2003.975
FLEXCTEMP	2	2009.66
FLEXCTSET	2	2000
PSUTEMP		2	2009.66
TSCMTRTEMP	2	2005		2009.66
3FAMTRAT	2	2003.975	2009.66
3FAPSAT		2	2003.975	2009.66
3FASEAAT	2	2003.975	2009.66
3SMOTOC		2	2003.975	2009.66
3SMOTSTL	2	2003.975	2009.60
3TRMTRAT	2	2003.975	2009.66
